535.5260805834324
390.4728620111916
316.0087573779494
295.62147163956445
276.61597550408203
264.6132155595358
287.3334113827516
273.7748138597508
273.09793455458345
258.70859070279744
213.2211920517563
158.92386900049647
127.87727975067118
106.37548383895981
97.89047573867916
102.75576187776315
103.35985047951654
162.8599150653539
93.98695649484101
103.79019345337043
168.79024350275193
91.59256401067758
89.47718980591735
78.85906658043015
102.8983800075589
84.88650708300123
89.44233111053326
69.43244117478986
63.16330118933994
57.94343852369829
79.22661960782983
96.4150013519712
95.27137256392011
111.64939806725442
84.95943404802786
95.83700947538527
100.24426259422584
95.28029725507531
78.43928180258614
79.84881736522938
67.16565667316192
124.18102500236813
79.25677172525894
107.8908529338062
70.69254653263486
84.82189213395085
88.12728988583697
81.88060115772967
115.42952438688353
106.5216033444018
